2201
-138.359 -7.89911
-147.11 -5.33234
-148.892 -5.33481
-139.115 -7.34198
-132.64 -9.69836
-150.775 -4.50818
-401.157 -71.8149
-146.973 -6.10437
-148.703 -5.18115
-158.667 -2.66678
-159.556 -2.67007
-160.446 -1.77521
-161.333 -1.77774
-162.222 -1.77777
-160.279 -1.6618
-152.145 -4.16473
-152.239 -3.65894
-50.8977 116.908
-167.556 0.000274658
-168.444 -3.05176e-05
-169.333 0
-286.016 314.611
317.946 -284.723
-168.162 -0.471924
-73.5724 -247.298
-610.735 -55.5229
-527.316 -244.386
-159.143 -2.4028
-163.114 -1.61304
-179.111 3.55533
-156.985 -2.79346
249.177 -277.755
-181.778 3.55524
-441.012 171.008
-183.556 4.44363
522.105 -100.823
-188.002 5.33438
-188.892 6.22031
-261.666 -351.203
-189.967 6.02402
-191.555 6.22202
-190.582 6.34357
-262.73 214.073
36.6249 -83.4014
-196.889 7.11111
-191.333 6.13422
-190.386 5.53787
17.4191 53.087
-200.444 8.8891
-381.286 214.511
-201.741 9.39243
-9.8985 -261.133
39.4661 -334.085
-207.555 10.6663
596.601 107.464
46.2015 326.317
-212.886 12.4463
-214.667 12.4443
-542.755 -320.209
182.561 -4.71408
-218.223 13.3321
141.46 78.5924
-221.778 14.2223
-222.503 14.1544
-185.535 -65.1721
-226.222 15.9998
-227.109 16.0012
-227.683 15.8395
-229.78 16.8855
-39.5001 154.373
-232.443 16.8882
-396.022 30.0014
-235.11 17.7782
-131.481 -185.311
-238.666 18.6695
-239.556 19.5556
-241.333 19.5556
-410.215 4.65121
-18.2548 223.324
-244.002 20.4437
-249.325 21.3322
-466.294 -66.5277
-249.334 22.2224
-251.111 22.2223
-252 22.2218
-164.674 -110.962
-253.777 23.1112
-537.527 -224.524
-255.556 24
-256.444 23.9998
-259.208 24.4526
156.96 -323.095
-403.596 -333.774
419.458 158.815
-266.523 26.2548
-410.773 -293.001
305.191 -280.653
-265.334 25.778
-266.222 26.6667
165.217 173.106
-4.47388 -54.0506
-269.806 27.5625
-270.667 27.5557
-277.257 28.7064
-273.495 28.4872
-222.326 -256.577
-87.6021 375.214
-283.133 30.6719
-19.6639 81.6367
-294.901 33.902
-466.845 48.9096
-287.555 31.9995
-288.444 32
-179.974 205.055
-292.843 33.3282
-292 32.8887
-292.888 33.7773
-300.771 35.5759
-294.668 33.7777
-295.557 34.6624
-299.327 35.177
-298.223 34.6663
-300 35.5557
-300.893 35.5635
-184.485 222.977
-304.673 36.9716
-303.555 36.4444
-326.13 41.998
-306.222 37.3333
-326.682 42.1127
-308.888 37.3354
-322.633 40.5468
-311.555 38.2225
-312.443 38.2248
-307.38 -214.857
-205.839 -122.437
-418.02 123.995
-233.745 124.911
-318.667 40.892
-319.556 40.8888
-350.413 48.6806
-321.335 40.8886
-322.222 41.778
-321.333 41.7779
-320.445 41.7781
-319.556 41.7777
-318.667 41.7776
-317.778 41.7777
-314.223 41.7796
-537.05 154.773
-323.144 247.547
24.3537 238.908
-57.1619 11.8858
-306.222 40.8891
-304.444 40.889
-303.557 40.8883
-302.667 40.8889
-616.769 -143.015
-510.496 259.391
-298.222 39.9998
-295.555 40.0001
-295.29 40.5403
-292.89 39.9999
-163.44 71.8243
-576.455 139.657
-309.091 48.0632
-287.556 40.0004
-286.668 39.1093
-284.889 39.1107
-284 39.1111
-44.2125 354.109
-294.587 44.3207
-281.333 39.1115
-281.871 39.7336
-278.667 39.1111
-275.999 39.1111
-275.111 39.1111
-274.223 39.1108
-253.848 -177.58
-275.755 41.8871
-268.889 39.111
154.52 247.469
-267.111 39.1111
-270.432 41.701
4.91925 -20.277
-262.667 38.2222
-261.777 38.2222
-140.674 349.093
259.33 -42.3441
-258.223 38.2221
-262.921 43.5423
-255.556 38.2219
-254.666 38.2221
-253.778 38.222
-168.077 153.524
-161.192 256.332
-253.041 40.2862
45.1022 317.542
-12.9578 -225.26
-247.557 37.3333
-245.777 37.3356
-244.89 37.3333
-243.999 37.3337
-243.111 37.333
-244.935 41.1928
-242.774 39.194
-240.447 36.4429
-237.778 36.4445
-236.889 36.4446
-237.662 127.007
-235.113 36.4445
-234.491 38.3204
362.895 210.801
-446.364 -348.221
-231.556 36.4445
-229.777 35.5556
-227.111 35.5566
-225.334 35.5554
-222.609 37.662
-221.653 35.7832
-581.414 130.754
-17.2477 -227.98
369.269 152.538
-215.559 35.5508
174.061 130.429
-54.228 -23.1813
-203.366 41.2688
-201 41.2823
-206.667 34.6681
-46.7885 -204.557
-203.107 34.671
-196.983 37.6829
-199.555 34.6665
-198.666 34.6667
-587.458 -182.502
-236.746 -208.484
-196 34.6667
153.728 -63.3129
-189.267 33.4061
-188.889 32
-500.73 324.226
-177.727 33.9267
-186.222 30.2221
-169.5 32.9989
-183.556 28.4446
-173.514 29.3862
-181.779 26.6615
-180.297 26.7704
-179.999 25.7782
-170.528 27.0846
-172.429 25.6614
-175.84 23.1699
-121.258 -233.509
-172.889 21.3333
-152.846 21.3021
-171.111 18.6668
-161.846 16.796
-159.048 15.789
-394.495 108.998
-164 14.2223
409.993 -178.996
-156.27 12.0599
-103.192 282.439
-150.179 9.7406
-148.248 9.65021
-157.777 8.89066
-156.889 7.99991
-156.001 8.00009
-155.11 7.11084
-152.445 5.33307
120.407 -289.992
-148.889 2.66678
-147.111 1.77777
252.216 111.557
-143.5 -0.192688
314.806 -37.0532
-133.047 -4.11469
-214.058 384.314
478.819 -181.43
-356.389 95.2752
-452.929 -271.738
-172 -86.2222
-173.777 -86.2222
-176.444 -86.2216
-179.673 -87.0688
-509.402 -128.382
-189.422 -91.4291
-181.779 -86.2216
-195.685 -92.8904
-183.556 -86.2222
-184.444 -86.222
-185.334 -86.222
-186.947 -86.5604
88.0121 148.889
-190.667 -86.2218
-581.428 -119.849
-193.333 -86.222
-194.222 -86.2222
291.176 232.113
-197.776 -85.3315
-199.556 -85.3334
-203.111 -85.331
-204.001 -85.3334
67.9492 166.75
-207.555 -84.4439
-219.58 -87.4677
-209.333 -84.4444
547.024 -126.742
-223.756 -87.4608
-213.778 -84.4439
-216.444 -83.5551
-217.333 -83.557
-218.22 -83.5543
-219.111 -83.5541
-220 -83.5557
-220.889 -83.5552
-221.778 -83.5556
-73.202 -142.802
-432.308 109.594
-238.17 -84.7324
-489.039 -62.4196
-246.166 -85.254
-233.334 -82.6666
-238.02 -83.0069
-236.889 -82.6668
-237.778 -82.6667
-238.667 -81.7768
280.884 5.35397
-242.225 -81.7761
-391.209 -395.718
-63.2416 -195.363
-246.666 -80.891
-247.555 -80.8888
-283.151 -85.2621
-250.224 -80.8868
-251.112 -79.9999
-252 -80.0001
-69.5163 262.337
-254.668 -79.9991
-256.444 -79.9999
-257.334 -79.1113
-258.222 -79.1112
-285.847 -81.8458
-293.197 -81.5533
262.095 62.0979
-256.444 -78.2223
-255.555 -77.3332
-288.086 -80.4521
-154.223 -228.482
19.0941 -255.581
-249.333 -77.3335
404.187 5.6687
-245.778 -77.3333
-242.223 -77.3333
-239.199 -85.6415
-240.444 -77.3342
-239.556 -77.3333
78.9097 -263.921
-236.889 -77.3333
-236 -77.3332
-233.333 -76.4458
59.0632 -271.503
-231.556 -76.4443
-230.663 -76.4433
-370.305 114.809
-228.885 -76.444
-228 -76.4445
-5.07904 158.344
-229.345 -76.0567
-223.553 -75.5544
-222.667 -75.5557
-220 -75.5554
-218.221 -75.5571
-506.68 204.706
-215.556 -74.6667
-213.779 -74.6682
-211.111 -74.6667
-210.223 -74.6638
-209.333 -74.6667
-208.444 -74.6666
-206.668 -74.667
-205.778 -74.6669
-206.65 -73.9639
-203.996 -73.7756
-494.372 341.417
-200.442 -73.7767
-199.554 -73.7764
-202.747 -73.304
-66.0933 395.525
-196.888 -72.8882
-211.333 -74.6584
-194.222 -71.9985
15.8286 -205.735
-192.443 -71.9986
-188.888 -71.111
-641.404 293.278
159.968 1.86703
-186.222 -71.111
-430.578 36.1739
-184.444 -71.1112
-181.778 -71.1113
-180 -71.1111
-180.033 -70.2969
-179.995 -70.37
-176.444 -70.222
-174.667 -69.3334
-179.722 -69.7171
-179.084 -69.9023
-167.556 -68.4446
-166.668 -68.4429
-209.066 148.127
-164 -67.5557
-163.113 -67.5558
-162.221 -67.5558
-180.743 -139.6
270.279 124.68
-157.777 -66.6667
-155.998 -66.6677
-153.332 -65.775
-528.788 374.911
-152.363 -63.8716
-148.896 -64.8773
-147.999 -64.0001
-144.006 -63.122
-143.557 -64.0014
-139.999 -63.1111
-137.217 -61.9274
-136.812 -61.9108
-94.0073 -369.284
-133.176 -60.5307
-131.125 -60.0072
-132.889 -61.3333
-131.999 -61.3315
-228.895 137.615
-430.402 -288.338
-126.772 -59.3645
-130.38 101.271
-126.668 -60.4442
-125.777 -59.5554
-124.89 -59.5556
-123.111 -59.5556
-122.223 -58.6668
-121.333 -58.6667
-120.444 -57.7778
125.046 -161.076
-118.666 -57.7771
133.686 364.423
-106.289 -53.8644
-277.137 64.5894
-112.445 -56.8888
119.712 -12.232
-92.0832 -49.0702
-108.888 -55.1111
-107.165 -54.8384
-106.226 -54.2209
-105.332 -54.2217
-104.445 -54.2222
-102.666 -53.334
-101.778 -53.3335
-85.2211 -48.786
-333.137 -312.459
-98.222 -52.4445
-97.333 -51.5555
-280.386 201.549
-79.2563 -46.3497
-230.385 -75.7643
-91.1127 -49.778
130.722 81.5832
-88.4461 -49.7824
-85.4251 -48.214
-86.6667 -48.8889
-85.7783 -48.8891
-84.888 -48.8877
-222.183 86.3574
171.506 61.7509
-190.87 50.969
-81.3328 -48.8886
-74.4496 -47.1875
-5.67395 202.831
-75.1116 -52.4445
-60.1148 -50.546
-190.059 118.514
45.5682 -64.4616
-71.5544 -55.1112
-70.6668 -56.0001
-69.7772 -56.8887
-68.8885 -56.8888
-447.827 294.335
316.949 88.5879
-59.9948 -60.0573
-63.5558 -60.4444
-60.8887 -63.1106
-59.1103 -64.0001
144.855 -298.864
-28.317 -5.73288
-224.987 186.993
-49.3333 -71.111
-48.442 -71.9993
-48.4441 -72.8889
-47.5554 -73.7778
-46.6674 -73.7779
-35.4692 -75.3986
-128.209 68.4421
-43.9998 -75.5556
-43.1118 -76.4446
-41.3331 -77.3334
-40.4449 -78.2227
-39.5558 -79.1117
-38.6664 -80
367.246 -96.3206
-36.8891 -80.8888
-64.6676 -280.416
-8.47363 -85.1887
-35.1109 -82.6673
-34.2221 -83.5558
-19.2737 -86.8511
-35.9999 -84.4445
-36.8884 -84.4442
-37.7775 -84.4445
-225.864 63.0185
45.0701 -237.15
-363.028 -376.603
-45.777 -85.3332
-46.6663 -85.3333
-208.745 -317.677
-48.4446 -85.3331
-50.2227 -85.3335
-51.1147 -85.3332
-51.9996 -85.3338
73.1477 -178.612
-53.7773 -85.3331
-55.5554 -85.3344
-58.2222 -86.2228
-59.1104 -86.2216
-60 -86.2224
-61.7823 -86.225
-29.8906 -93.5443
-298.859 -163.345
-37.5786 -92.3561
-65.333 -86.2221
-66.2218 -86.222
30.0571 208.318
-67.9996 -86.2226
-69.7778 -86.2223
-71.5554 -86.2224
-73.3333 -86.2223
5.33777 8.2312
-289.631 176.243
-58.9186 -90.763
323.394 83.8365
-78.6667 -86.2221
-534.357 -351.268
-80.4442 -86.2221
-81.3338 -86.2223
-82.2214 -86.2223
-69.8998 -92.6168
-88.4437 -87.1109
-90.2226 -87.1121
-74.6423 -92.9555
-92.0009 -87.1108
-93.7775 -87.1111
-83.4318 -91.7903
-13.1122 263.538
-99.1103 -87.111
-100.889 -87.1111
-89.053 -92.7104
-474.957 230.452
-104.267 -87.6199
-107.111 -87.111
-339.491 201.434
-491.628 -119.656
-555.095 206.146
-110.022 -87.4658
-111.555 -87.1111
-109.014 -89.0974
-106.773 -91.012
-114.22 -87.1098
-116 -87.111
-117.779 -87.1134
-117.387 -90.2122
-123.111 -87.1111
-115.55 -94.5467
-124.89 -87.1114
-126.666 -87.1111
-128.448 -87.1133
-290.509 214.002
-130.222 -87.1109
-220 66.8912
-127.161 -93.7642
-470.66 19.9967
205.621 248.313
-136.15 -87.6998
-137.334 -87.1111
-138.023 -87.5983
-141.778 -87.1074
-220.558 237.575
-144.231 -89.4669
-145.335 -87.1132
-147.345 -92.2652
-264.391 -175.819
-148.889 -87.1111
-442.212 234.963
-152.444 -87.111
-154.472 -90.2401
-155.106 -89.2751
-155.11 -87.111
-246.384 258.756
-157.777 -87.1115
-158.666 -87.1105
155.621 -147.255
34.8509 373.62
-164.121 -90.7199
-355.948 183.981
-163.11 -87.1125
115.156 339.765
-164.889 -87.1102
-165.778 -87.111
-168.429 -88.7981
-167.556 -87.1113
-232.303 -221.455
-219.999 -207.112
-219.999 -206.223
-219.112 -205.332
-217.334 -205.334
-216.447 -205.331
153.879 -319.999
-211.111 -205.333
-535.497 307.182
-244.843 -245.955
-206.667 -204.444
-272.562 -282.049
-204.889 -204.445
-203.111 -204.444
-202.222 -204.444
-200.446 -203.556
-199.555 -203.554
-249.688 -265.077
-197.776 -203.555
-196.889 -203.556
-195.999 -203.555
211.875 -189.969
-194.223 -202.667
-233.225 -252.124
-191.556 -202.666
-190.666 -201.778
-195.185 -208.601
-513.287 -68.514
-224.686 -248.59
-229.292 -255.909
-225.441 -252.394
-185.334 -201.778
-443.342 277.343
-641.636 214.737
-182.657 -201.783
-181.778 -201.779
-206.466 -234.917
-184.589 -208.261
565.776 205.378
-176.444 -200
-174.668 -200.001
-172.889 -199.111
-172 -199.112
-201.289 -243.197
-403.187 -309.235
253.737 -29.5732
-165.779 -198.222
-178.798 -218.65
18.9727 -51.5381
-163.112 -198.222
-162.223 -197.334
-161.334 -197.333
-183.113 -231.606
-159.556 -197.334
-177.443 -226.662
15.2663 -24.2446
26.6478 -140.069
-154.223 -195.556
-160.653 -207.155
-234.897 315.295
-151.555 -194.666
-168.084 211.093
-148 -194.666
-221.905 119.476
-146.224 -193.777
-350.521 -380.542
-144.443 -193.774
-158.875 -219.912
-142.665 -192.888
-141.778 -192.888
-187.202 -274.369
-139.111 -192.001
-138.222 -192
-134.666 -191.111
-131.111 -190.222
-148.507 -229.993
-125.777 -188.445
25.6727 14.6733
229.064 292.347
-119.555 -187.556
-14.9355 107.267
413.026 -306.386
-114.222 -184.889
-113.334 -184.889
487.262 -56.8354
-110.666 -183.999
-122.401 -213.125
-108 -183.112
-106.222 -183.111
336.905 387.852
107.602 -373.025
-108.362 -197.978
-238.872 129.981
-99.1115 -180.445
-98.2192 -180.44
-118.772 -239.944
-93.7781 -178.667
512.026 225.054
-91.1113 -177.777
237.48 87.7367
404.292 137.889
-95.5238 -200.401
-86.6654 -176.001
-94.3673 -203.141
-84.8893 -175.112
-83.9995 -175.111
-83.1104 -174.223
-487.711 337.661
-78.6646 -173.339
-76.8889 -172.444
-76.0001 -171.554
-492.508 -25.7364
-72.4438 -170.667
-77.1331 -201.264
-68.8892 -168.888
-67.9998 -168.889
265.829 -85.4483
-64.4447 -167.112
-63.5552 -167.111
-38.3649 -303.583
-61.7817 -166.224
-325.133 -387.477
-60.0006 -165.334
-59.1104 -164.444
-236.081 -248.397
526.305 91.4797
-54.6666 -163.555
-53.7727 -162.668
-52.8897 -161.778
349.232 149.148
-51.113 -160.891
353.383 231.262
-49.3342 -160
-44.8879 -158.223
-43.1118 -157.334
144.064 -158.138
-41.3328 -156.445
40.0062 -305.579
-38.6672 -155.555
-36.8894 -154.667
-34.2224 -153.777
-30.6664 -151.112
-324.885 -98.2803
-27.9992 -150.222
-27.1095 -149.332
-25.3344 -147.558
-21.7786 -145.778
-19.9999 -144.889
-18.2229 -143.112
-16.4491 -142.223
-15.5558 -141.333
-11.998 -138.666
-11.1121 -137.779
-10.2232 -137.778
-8.44464 -136
-6.66669 -135.112
-5.77698 -134.222
-3.112 -132.443
73.2311 -5.09299
-1.33356 -130.666
-150.779 253.668
-136.193 -204.08
1.33276 -128
4.00134 -125.334
4.8894 -124.445
4.88879 -123.556
5.77777 -122.667
6.66699 -121.778
103.525 -75.2314
8.44476 -117.333
8.44318 -116.444
8.44525 -114.667
8.44415 -113.778
8.44476 -111.996
8.4447 -111.111
8.44464 -110.223
9.51349 -112.344
8.44177 -108.45
8.44482 -107.556
8.44434 -106.668
7.55408 -105.778
7.55609 -104.889
6.66626 -104
6.66718 -103.111
485.396 69.4836
-420.859 -296.108
4.88898 -100.445
4.00024 -98.6672
2.22278 -96.8893
314.859 -114.148
-0.157776 -95.1252
3.87506 -115.035
3.54102 -116.616
479.69 346.141
-26.2817 -96.2293
-6.66705 -88
-5.54962 -104.07
-10.6686 -85.4768
-12.0008 -82.6658
-14.6669 -80.89
-15.556 -80.0006
-16.4435 -79.1108
-18.2227 -77.3333
-278.397 -34.5981
11.5102 45.156
-19.5452 -86.371
-139.513 5.71732
430.864 55.4745
-24.2838 -73.986
-25.1555 -74.5953
407.411 -379.405
-26.2227 -70.2222
-26.8436 -75.2428
549.858 74.4292
-171.739 -1.91364
-464.484 -176.889
-32.9545 -80.7901
-34.2213 -63.9998
-90.113 301.73
-35.9993 -63.1121
-37.7776 -62.2222
-38.903 -63.0345
-129.825 87.7804
-40.4444 -59.5555
-41.3329 -58.6663
-42.2219 -57.7778
-88.4573 122.147
-45.7777 -55.111
455.353 -239.526
212.33 110.807
-221.129 28.2531
-51.0512 -54.6004
-51.1104 -51.5556
-52.0015 -50.6654
-52.8892 -50.6667
-53.7788 -48.8884
-55.5554 -48.0001
-59.1115 -45.3314
-60 -44.4442
-61.7711 -43.5542
-62.666 -42.6667
197.68 253.613
-70.1019 -46.3824
-66.2217 -39.9998
-67.1109 -39.1111
-385.428 -180.455
-69.78 -37.3359
-70.6661 -36.4444
-71.5556 -35.5557
319.989 320.105
-74.2233 -33.7794
-23.1883 136.161
-76.8895 -32.0002
-77.7783 -31.111
643.783 -192.212
-79.5562 -30.2223
-81.3367 -28.4414
-86.042 -29.0586
-84.8928 -25.7776
-86.6668 -24.0005
-87.5562 -23.9999
-94.1224 -25.3217
135.568 -236.512
-90.2206 -22.2192
237.318 49.5262
-91.999 -20.4447
-114.801 -22.8828
-96.4448 -16.8901
49.2625 398.278
52.8125 -175.339
-248.128 222.54
-111.427 -15.2556
-101.777 -13.3302
-228.339 -334.626
-125.636 -14.9012
-113.209 -12.8683
-257.395 -12.3514
-106.223 -9.77728
149.269 -353.828
54.8523 36.6444
422.646 218.747
33.6114 217.904
-117.312 -5.67932
-113.333 -4.44434
-238.817 379.14
-127.159 -2.98419
220.976 244.915
-124.033 -1.88773
-117.778 -0.888763
-119.556 -0.000335693
-120.445 0.888733
-43.9559 -139.614
-506.246 116.587
-123.112 3.55557
-124 3.55551
-449.331 -2.07336
-126.669 6.22498
-466.096 269.415
-129.334 8.00012
-293.311 94.3593
-136.559 9.3934
-127.381 -157.73
-137.545 11.1706
-133.816 10.67
-136.444 13.3334
-153.274 16.4041
265.555 -32.9259
-140.888 16.889
-143.557 18.6674
-144.444 19.5556
-146.222 20.4444
-147.111 21.3335
-150.667 24
-157.188 25.1347
-162.651 27.0044
-154.126 25.948
102.868 27.983
268.877 -379.576
-165.943 29.7745
-184.393 36.3645
-539.433 -318.422
-162.222 32.8889
-164 33.7775
60.6896 -16.1887
-98.7037 127.98
-622.628 73.9886
-168.444 37.3333
-77.5477 -144.429
-171.11 39.1099
-172 40
-181.083 43.2629
-179.854 42.6384
-187.878 46.3192
-178.221 44.4444
-234.808 62.0887
-407.875 -197.579
-181.778 48
-184.445 49.7777
-185.334 49.7776
-186.222 50.6667
90.6694 -93.8791
-188.001 51.5568
-188.89 52.442
-257.611 77.8558
-200.174 58.368
-229.618 69.2635
-253.904 78.5379
-196.887 58.6689
-217.005 66.44
-198.667 60.4439
-224.707 70.7825
-202.226 63.1144
-351.705 220.594
-204.888 64.8888
-205.778 64.8889
-586.091 254.27
-270.809 91.3532
167.228 -104.985
-210.222 69.3336
-221.945 73.5124
-212 70.2225
-212.89 71.1113
-263.51 91.6279
-242.553 83.573
-216.445 73.7767
-221.813 75.5547
-218.222 74.6667
-219.106 75.5631
-220.001 75.5553
-220.889 76.4446
-221.778 77.3332
-363.116 348.257
-224.444 79.1115
-225.333 79.9996
-226.223 80.8887
-227.112 81.7777
226.648 -270.239
-228.89 82.6666
-289.646 110.083
-116.232 -31.8046
-233.334 86.224
-340.201 367.38
-319.709 -264.696
256.221 -281.63
-236 88.8887
-236.889 88.8889
16.6961 -8.84116
-286.691 111.658
-516.098 64.7491
264.175 87.408
-243.107 93.3333
52.0057 -302.925
-245.778 95.9999
-246.667 95.9998
-248.445 97.7779
-249.333 97.7777
-50.6113 -166.334
-250.22 99.5565
-147.52 -51.6032
-398.953 -293.519
-114.008 207.099
-256.444 104
-257.333 104
-258.223 104.889
-584.586 335.278
-261.778 107.556
-25.7766 -40.8199
-265.335 110.219
77.0348 -248.327
-269.777 113.778
-270.666 114.667
-449.781 -176.543
-272.444 115.556
-62.995 -327.505
-275.111 117.333
-275.995 118.22
43.803 173.803
-557.136 176.809
-279.556 120.889
-280.443 121.778
-112.599 259.888
-234.718 186.922
-551.932 25.1751
-298.49 132.05
-285.778 126.222
-286.667 126.222
-289.333 128
-291.112 129.778
-292.001 130.666
-292.889 130.666
-297.039 133.189
-294.667 132.445
-365.353 169.614
-300 136.889
-300.889 136.889
-439.7 334.073
-381.937 180.774
-315.033 146.277
-306.365 -109.91
-36.407 237.683
-316 148.445
-172.938 285.867
-396.928 191.693
-134.996 123.946
-364.41 174.604
-320.445 152
214.164 -345.53
-433.466 195.159
-324.888 155.563
-325.778 156.444
-332.877 160.157
-142.039 -10.826
-329.333 158.222
-330.222 159.11
-402.779 198.216
-332 160.889
-332.889 161.778
-386.026 189.699
-309.615 77.5293
-335.556 163.556
-379.634 187.7
-370.5 182.706
-343.555 168.889
-181.749 230.899
-528.202 -270.947
-347.111 172.444
-336.246 333.79
-350.666 175.111
-351.557 176
-354.222 177.778
-511.418 155.242
-363.466 182.772
-365.588 184.257
-397.547 202.302
-415.035 212.419
-444.466 228.084
-363.111 184
-364 184.889
-395.309 202.705
-367.555 187.555
-369.333 188.444
642.086 220.412
-639.8 90.4185
141.698 263.349
-229.061 212
-406.542 211.627
-414.738 159.62
-463.12 243.371
-406.128 211.691
-494.727 -126.957
-417.952 218.238
-381.778 198.222
98.5952 32.7059
-385.333 200.889
-106.978 301.974
-437.847 231.837
-391.555 206.222
-392.444 206.222
90.4754 209.942
-79.2095 -45.569
-388.887 207.111
-482.963 261.252
-385.333 205.333
-207.025 -118.889
212.16 -263.804
-380.889 201.778
-379.111 200.89
-375.556 199.111
-373.778 197.333
-372.888 197.333
-372 196.444
-302.995 240.653
-367.556 193.778
-366.667 193.778
-294.503 -23.1989
-363.111 191.111
-362.224 190.22
-360.444 189.333
-359.556 189.336
-357.778 188.445
-356.889 187.555
-355.111 186.667
-354.222 185.778
-488.262 -145.028
-352.446 184.893
-409.178 217.075
-454.782 243.427
-348.89 183.111
-347.999 182.224
-347.111 181.333
-390.016 -275.194
-342.667 178.667
-340.888 177.778
-390.019 205.522
-339.112 176.889
-338.223 176.889
-337.334 176
-405.267 214.567
-335.555 175.111
-333.777 173.333
-332.889 173.333
-436.211 233.342
-483.805 -162.725
-328.447 170.671
5.3114 395.108
-326.666 169.778
-324.889 168.889
-167.323 43.5956
-323.111 167.11
-216.344 -110.995
-319.555 165.333
-332.883 173.504
-317.778 164.444
-545.232 368.982
-315.108 162.672
-314.222 162.667
-311.556 160.889
-309.778 160
-544.539 46.7482
-307.111 158.222
-306.222 158.222
-305.334 157.333
-304.444 156.445
-449.509 164.337
-300.889 154.667
-299.999 154.667
-437.478 -297.563
-528.057 51.6533
-295.555 152
-293.778 151.111
-292 149.333
-290.222 149.333
-385.767 372.676
-304.197 156.584
-287.556 147.556
-34.9722 -107.882
-285.777 146.667
307.677 -109.991
-395.298 209.361
-514.972 139.133
-137.431 -188.153
-280.444 143.111
-278.667 142.222
-277.777 142.222
-276.888 142.222
-275.112 140.444
-274.222 139.556
-272.45 138.663
-406.837 391.743
-269.778 137.778
266.39 32.7393
-266.223 136
-449.007 391.69
-105.603 137.825
-278.829 143.586
-503.195 261.146
-260.889 132.445
124.336 166.596
-259.111 132.444
-127.452 -166.571
-257.334 131.555
-8.55023 368.562
-284.5 147.087
-252.001 128
-346.767 243.34
-279.484 144.078
-251.627 128.446
-248.444 126.222
365.097 -301.172
-269.825 139.365
-243.112 123.555
-296.054 155.042
80.2047 293.883
-272.484 141.004
-288.587 151.049
-237.778 120.887
-265.2 137.511
-235.114 119.997
-268.767 139.357
361.281 -276.416
-230.667 117.333
-228 116.445
-227.112 115.555
-226.222 114.667
-264.851 137.982
-583.388 -193.94
-219.112 111.111
-6.13049 106.795
-217.334 111.11
448.087 -138.5
-502.346 -260.116
-213.779 109.336
-211.11 108.444
30.9335 260.47
-208.443 106.667
-359.484 10.9178
-205.036 105.708
-201.333 103.111
-200.445 103.112
-199.555 102.223
-198.668 102.222
-238.099 126.5
-208.738 341.672
-44.0283 -194.974
-641.245 -117.093
-192.444 98.6689
-191.557 98.6658
-189.778 97.777
-188.89 97.7778
-185.334 96
82.6357 395.875
-183.556 95.1114
-182.667 95.1112
-192.979 101.22
-180.889 94.2222
-178.223 92.4423
-176.444 92.4444
-213.269 115.01
-173.779 90.6658
53.2578 -17.5842
-206.047 112.151
-221.394 -132.287
-169.331 88.8878
-172.454 91.1552
-165.778 87.1107
-177.926 95.8839
-396.395 -158.973
-161.333 85.3331
-187.542 103.182
-159.556 84.4446
-158.665 84.4448
-84.2242 142.501
-154.222 82.6662
-153.33 82.6702
-167.378 92.5
180.431 240.851
-297.057 -73.823
-147.112 79.9986
-146.223 80.0001
-145.333 79.1112
-343.28 284.885
-143.556 78.2234
-192.303 -118.086
-141.778 77.3337
87.9587 -193.985
-139.11 76.4445
-174.074 101.629
26.4022 95.5261
-135.556 75.5553
253.143 132.362
-133.777 74.6671
-132 73.7774
-131.11 73.7781
-222.8 -143.479
-128.445 72.8889
-173.949 107.837
-126.666 72
-125.778 71.1111
-124.888 71.1114
45.1707 -202.3
-122.222 70.2211
-121.333 70.2232
134.859 106.944
-153.835 96.109
-51.8474 -122.689
-115.994 67.5562
-115.108 67.5592
-114.223 67.5554
-131.618 81.432
202.371 95.2948
-311.598 -172.182
-110.666 65.7767
-109.776 65.7772
-108.888 65.7779
478.555 -50.9781
3.75903 299.585
-106.222 64.0003
-107.96 66.2547
-104.438 63.9987
-103.556 63.1115
-101.778 63.1109
-53.7291 -370.29
-99.1117 62.2222
-98.2219 62.2225
-96.4424 61.334
-95.5555 60.4444
-400.924 -381.659
-92.0007 59.5556
-91.1116 59.5555
72.448 302.639
-89.3331 58.6669
-100.701 71.1113
-190.662 -239.419
-83.1115 56.8889
-85.5329 60.5389
-81.3337 56.8858
-80.4444 55.9999
-640.279 -278.161
-161.395 -18.0406
-74.2228 54.2183
-73.3326 53.3333
-74.4948 55.9446
-71.5562 53.3331
-164.171 40.1362
-70.3677 54.1331
-211.812 362.289
247.402 215.047
-65.3334 51.556
-76.7995 70.3279
-165.749 -82.6504
-60.8892 49.7778
215.303 150.104
-59.1105 49.7779
-61.1882 56.9203
155.993 0.719086
-60.246 58.0135
-61.1027 61.8756
-53.7783 48.8889
-52.0002 48.0001
421.755 -29.9586
-46.6661 46.2225
-44.8886 46.2223
-45.2004 50.3001
-40.5368 45.7434
-39.556 44.442
203.682 145.377
-36.8893 43.5556
-36.2332 45.3265
-34.2211 43.5573
-33.4606 44.4244
-32.4441 42.6666
-31.5552 42.6659
319.913 -197.801
421.104 -375.787
-28.5125 54.8488
-27.1118 41.7778
-25.3339 41.7776
-23.5554 40.889
-22.0373 44.3348
-21.7773 40.0002
-20.8893 39.9995
-385.165 -234.008
-19.1137 39.9977
-14.6662 39.1111
110.968 -205.727
-12.8883 39.1109
-414.062 285.414
-11.1112 38.2223
-6.17828 46.0398
92.0771 -250.924
-8.44427 37.3335
-7.55511 37.3334
314.278 168.095
198.8 -160.861
-1.95038 38.0234
11.1276 54.0312
-1.33295 35.5556
-486.708 373.957
0.443848 35.556
1.33313 35.5556
-168.575 -58.2765
3.99945 35.5555
4.88879 35.5555
5.77777 34.6659
8.53473 35.576
8.44415 34.6669
-430.099 365.319
10.2222 33.7776
21.8161 41.7337
27.3363 44.0593
-409.535 315.367
-6.99078 257.799
22.2501 33.4537
20.894 32.0013
22.6676 32
-55.0206 186.551
24.4464 31.996
30.5649 34.0828
26.2223 31.1112
172.569 8.32159
29.7781 30.2223
43.2888 36.5808
31.5564 30.2221
32.4487 30.2221
37.56 32.2619
-429.034 237.237
318.695 -140.9
42.1356 30.8325
43.238 30.9051
41.3321 29.3333
123.099 10.5164
-29.7617 0.701569
44.8887 28.4445
-178.13 -34.8704
46.6628 28.4426
-324.251 322.255
51.6049 28.6804
49.3325 27.5556
68.4392 33.5211
52.8895 26.6669
-356.318 -281.921
84.9963 35.9716
56.4434 26.6667
57.3327 26.6665
-366.305 30.0817
-220.515 106.381
-293.527 -178.597
61.7747 25.7826
64.4449 25.7781
65.9801 25.9551
484.024 398.262
68.8891 25.779
70.6674 24.8894
4.91327 112.229
160.264 -226.478
73.3262 24.8865
74.2249 24.8894
75.1095 24.8857
77.7775 24.8886
83.9345 25.1838
79.5552 23.9996
570.468 364.63
82.2309 24.0047
-50.9086 -284.623
297.952 70.3143
84.8892 23.1112
85.7781 23.1112
138.592 -359.699
4.03528 -105.55
89.332 23.1111
341.947 275.109
121.452 27.4809
349.597 -96.5883
96.4444 22.2223
114.427 24.9062
-7.25958 -244.962
100.89 22.2223
101.778 22.2224
102.666 22.2219
-48.2375 -10.8869
104.444 22.2221
131.822 26.6514
106.227 22.2274
107.11 22.2192
107.999 22.2231
124.714 24.8016
109.779 21.3333
110.667 21.3336
145.964 26.6186
112.444 21.3332
121.326 22.4043
304.63 -195.275
115.998 21.3345
116.889 21.3336
121.663 21.9052
119.555 21.3333
120.443 21.3333
121.334 21.3335
-345.454 -54.3642
-107.756 87.8333
-397.761 -381.862
509.089 -153.978
145.497 22.3071
132 20.4445
154.89 23.2627
163.519 24.2326
134.667 19.5567
135.556 19.5555
136.443 19.5552
139.54 19.8188
244.162 -140.967
166.28 22.7645
158.675 21.7497
-252.596 -259.44
81.2357 -272.769
204.353 26.2806
146.223 19.5555
150.654 19.8552
148.892 19.5557
149.778 19.5555
243.594 397.323
206.228 25.4457
154.223 19.5543
-349.629 358.348
-38.7675 -341.498
460.088 98.374
158.666 18.6667
159.556 18.6667
163.11 18.6666
545.001 272.473
353.335 96.4784
180.662 19.9331
168.444 18.6665
170.221 18.6667
263.326 27.2974
172.888 18.6667
177.333 18.6668
178.222 18.6667
179.108 18.6635
180 18.6667
259.077 25.7448
195.62 19.9143
-23.387 -27.0108
-366.932 -190.328
185.333 18.6665
188.888 18.6663
189.777 18.6679
190.667 18.6667
489.659 287.141
195.111 18.6676
200.773 18.8425
199.557 18.6655
261.446 159.041
212.967 19.4741
-190.945 0.513489
-1.61334 41.6378
207.555 18.6667
208.446 18.6658
209.334 18.6669
210.223 18.6668
211.111 18.6667
212.889 18.6666
213.778 18.6669
296.101 26.2063
293.859 25.9276
216.445 19.5562
375.029 212.114
489.021 366.415
223.555 19.5553
257.695 22.1667
191.648 74.2777
289.609 24.4991
227.11 19.556
228.001 19.5558
169.308 -136.672
229.779 19.5556
179.43 162.882
232.445 19.5557
52.8121 -329.075
236 19.5556
237.778 19.5557
238.666 20.4441
69.4549 7.79401
241.333 20.4445
328.253 27.0407
258.68 21.6334
256.963 21.432
246.667 20.4444
456.78 10.7466
311.719 25.0251
280.65 23.6199
590.622 -240.879
253.777 21.3333
567.597 -57.5367
255.555 21.3333
256.444 21.3333
257.333 21.3334
300.791 24.547
259.111 21.3333
260.889 21.3335
282.404 22.8715
400.495 310.508
264.445 21.3335
265.336 21.3344
328.808 25.9312
267.112 21.3336
-228.25 -253.971
268.892 21.3378
269.77 21.3275
288.34 21.6062
272.445 19.5555
263.337 4.43802
274.222 18.6658
-579.17 91.4251
319.879 20.3284
539.555 128.298
290.242 394.523
346.393 18.4133
397.335 20.9029
120.605 204.663
352.815 14.0593
289.331 10.6643
290.223 9.77774
298.151 9.06714
293.782 8.00235
294.666 7.99753
408.979 8.49524
298.222 5.33319
61.4007 250.732
299.996 4.44424
301.773 3.55554
-97.8897 -124.889
70.4866 318.532
226.902 -163.696
306.222 0.887299
307.111 0.888702
280.203 229.151
310.667 -1.77701
566.666 -82.5743
313.337 -3.55557
316 -4.44437
83.7971 197.504
322.366 -5.39777
318.667 -6.22229
558.28 231.328
320.445 -7.11115
321.333 -7.99994
323.113 -8.88922
-79.7224 -182.183
335.969 -10.0696
325.777 -9.77786
326.669 -10.6665
327.555 -11.5551
328.443 -12.4447
329.333 -12.4445
385.363 -232.61
328.446 -15.1145
43.1261 87.9618
-164.502 175.687
325.773 -16.8889
390.39 -19.9232
391.617 -20.028
-188.685 -258.359
322.222 -17.7779
321.334 -17.7764
396.296 81.7975
319.556 -19.5556
465.788 -336.679
316.886 -20.4445
316 -20.4444
326.35 -21.0981
49.1605 -31.3773
561.682 26.8569
311.552 -22.222
310.666 -22.2223
309.779 -22.2223
401.357 374.135
334.76 -25.9295
330.804 49.6256
303.556 -24.8888
302.668 -24.8889
300.889 -25.7778
311.362 -27.5696
299.111 -26.6667
-514.917 191.684
304.478 107.378
-548.526 -331.922
-138.357 -229.723
287.556 -31.111
408.377 -376.908
299.468 -33.4599
129.774 314.503
486.52 -203.731
428.439 226.153
333.016 -205.986
279.556 -34.6666
278.667 -34.6666
307.48 -37.9668
276 -34.6667
322.829 -41.0427
274.222 -36.4444
304.255 -40.1119
339.458 -47.0004
268.889 -38.2222
268 -38.2223
-14.6318 374.146
263.556 -40
262.667 -40.8889
359.544 -54.5954
259.111 -41.7779
172.596 375.897
286.114 -49.7634
280.527 -49.0449
286.837 -50.1876
247.556 -46.2221
245.778 -47.1109
135.877 -146.449
242.222 -48
241.333 -48
343.766 -242.674
298.968 -59.5578
238.666 -49.7775
237.777 -49.7787
70.246 157.279
311.91 -65.2031
-316.123 284.296
314.107 -67.4461
241.674 -53.5312
205.95 311.517
-6.77527 81.9141
207.397 -337.372
225.334 -55.1111
261.624 228.355
434.113 228.446
152.573 346.54
258.332 -64.2839
218.221 -56.8891
-124.311 123.355
256.561 -68.3804
261.206 -69.983
272.991 -74.1693
244.806 -67.5614
308.601 -83.4341
210.222 -60.4446
209.333 -60.4448
211.001 -61.9855
557.316 -44.3445
202.226 -63.1133
201.335 -63.9987
200.982 -65.2893
198.666 -64.8893
195.111 -66.6666
194.223 -66.6667
226.024 -77.3677
190.667 -68.4444
13.4395 -206.769
188 -70.2224
-238.279 173.732
-391.281 171.09
190.755 -75.6414
234.028 -91.8491
202.556 -82.2841
183.808 -76.9159
179.111 -75.5555
339.906 -192.884
176.444 -78.2223
175.554 -78.2244
250.325 -108.16
190.822 -86.6454
231.546 -102.976
225.677 -103.822
469.11 -265.743
-450.972 -113.608
393.634 -139.05
221.153 -20.1281
165.779 -86.2205
164.89 -87.9999
251.981 -128.954
163.111 -89.7778
162.222 -90.6667
-376.387 -154.674
200.575 -111.807
217.206 329.268
158.667 -94.2222
158.633 -95.5415
164.412 -102.174
155.112 -98.6667
193.994 -120.35
154.222 -101.333
156.224 -103.824
96.8445 87.8824
150.668 -105.778
149.778 -106.666
149.775 -107.556
148.89 -108.444
157.848 -114.78
148 -111.111
147.11 -111.999
151.974 -117.475
145.332 -114.667
145.334 -115.556
384.017 -335.52
144.445 -117.334
144.445 -118.222
143.555 -120
142.666 -120.889
158.423 -134.496
141.778 -123.555
140.89 -124.445
140 -128.882
199.323 -174.85
139.11 -130.666
-178.711 -235.007
138.225 -134.222
172.75 -164.654
136.443 -136.89
134.668 -137.778
133.777 -138.667
133.777 -139.556
-471.591 -345.43
625.851 -92.2609
168.261 -173.777
130.221 -141.333
305.182 95.5855
126.667 -141.334
-287.884 151.905
122.221 -143.108
125.6 -147.128
-136.757 -138.697
319.613 318.744
117.778 -144.001
-649.895 -348.658
146.446 -176.032
113.339 -144.89
112.445 -144.889
110.666 -144.889
109.778 -145.777
108.001 -146.666
164.647 -207.926
127.897 -171.006
-142.031 -253.874
101.772 -147.553
100.888 -148.446
100.002 -148.444
-377.764 128.128
118.301 -172.773
206.467 3.95169
95.5557 -149.334
92.8895 -149.334
97.0396 -157.54
89.3329 -150.223
127.537 -200.746
106.354 -175.159
306.663 -78.1103
84.889 -151.112
80.4451 -152.889
295.971 260.964
96.8358 -179.787
-99.8435 221.826
-75.8052 -279.965
74.2224 -153.777
-339.662 217.563
70.666 -154.666
78.2598 -169.248
-113.846 -111.235
-66.4741 69.7945
80.5318 -178.581
77.8626 -176.899
19.1411 -86.3877
97.7668 -215.392
58.2212 -158.221
-480.276 -7.48865
55.5502 -158.225
70.3221 -187.322
59.0133 -169.848
155.934 -34.3749
51.1116 -159.111
50.2227 -159.112
-648.626 -291.655
46.6658 -160.889
45.7772 -160.889
47.086 -167.56
-538.323 234.121
42.2227 -161.778
41.3328 -161.778
40.4438 -161.78
40.6933 -164.407
37.7768 -161.778
36.89 -162.666
36.0001 -162.667
35.112 -162.666
33.335 -163.554
-175.54 96.2971
-240.199 124.142
30.6666 -164.444
29.2104 -171.369
-234.214 43.4295
-215.858 -54.9863
19.1106 -167.11
18.2225 -167.111
538.957 -180.767
32.5909 -224.765
172.343 -292.858
-158.234 -137.094
12.8882 -168
11.9974 -168.888
11.1138 -168.886
19.0344 -205.595
87.8832 58.1681
7.55591 -168.889
5.77771 -169.778
-81.1556 -178.36
538.17 362.864
9.20807 -201.794
2.94659 -174.467
11.4343 -225.155
0.444824 -170.667
-0.18573 -173.041
5.19037 -210.198
26.4004 -108.692
-311.967 -256.359
-4.00006 -172.445
-465.958 -162.348
-7.55597 -172.445
-16.4444 -175.112
-18.2214 -175.111
-19.1116 -175.11
-19.5499 -200.172
-45.3873 30.8497
-24.4456 -176.89
-318.441 125.091
-317.096 128.182
-30.6672 -177.777
88.3906 -395.673
-337.883 389.637
-34.6929 -199.661
370.265 21.3176
-36.8889 -178.666
-41.1532 -232.294
-42.2225 -180.444
-367.441 188.791
-45.6138 -190.274
-47.5552 -182.222
-49.3336 -182.222
-51.11 -182.222
-587.887 338.691
-53.7783 -183.112
-54.6662 -183.111
-9.47485 -223.038
135.019 171.444
-58.2217 -183.999
-462.645 -191.79
-75.9213 -260.236
-71.3063 -228.873
-73.2709 -222.066
-67.1115 -185.778
-316.616 367.646
-76.2385 -217.083
-75.5846 -204.81
-541.697 -124.542
-80.2695 -217.66
-75.1108 -187.556
-76.8879 -188.443
139.127 -257.226
-78.6663 -188.445
-80.4443 -189.333
-360.626 102.568
-69.5613 203.776
-83.9998 -189.334
-111.678 -278.696
-107.38 -259.866
-424.604 -266.165
-90.2223 -191.111
-100.173 -219.486
-403.189 -47.0585
-118.007 -268.782
-93.7789 -191.998
-106.889 -228.318
-95.5583 -192.007
-96.4442 -192.888
-107.481 -221.987
-99.1125 -192.891
-100.888 -192.889
219.189 -323.698
-122.216 -245.945
-103.555 -193.778
-104.444 -193.778
-105.332 -193.779
-107.11 -194.665
-375.305 -123.405
-113.492 -202.41
-251.42 -273.923
-142.445 -266.746
60.9676 -55.4111
205.957 239.866
-117.778 -196.445
-126.655 -214.147
-120.445 -197.333
-150.654 -260.693
-411.339 -124.271
-124.001 -198.221
219.857 63.6465
-126.667 -199.112
-127.556 -199.111
-31.8802 -162.624
-624.167 132.386
170.4 219.809
-136.197 -206.431
-150.344 -231.923
-134.666 -199.999
-182.289 14.2043
-137.334 -200
16.6366 268.883
-401.136 200.623
318.644 -329.351
-374.506 -5.66449
-148.266 -209.22
-145.334 -201.778
-147.999 -201.778
-184.078 -262.634
-149.778 -202.667
-150.667 -202.666
-151.555 -202.667
169.401 27.1148
-20.2587 -368.58
-168.413 -218.012
-28.5574 -318.864
-195.91 -255.39
-170.85 -215.385
-164 -203.554
331.642 -133.346
-293.215 -39.1063
-166.666 -203.556
-205.234 -253.853
-205.465 -252.597
-409.064 -69.2752
18.1501 -147.416
463.359 84.5797
-178.223 -205.333
-179.111 -205.333
-204.029 -238.204
-181.778 -206.222
-568.668 382.634
-183.557 -206.223
-185.333 -206.222
-187.111 -206.221
-191.554 -206.221
-192.445 -206.222
-194.224 -206.224
-196.888 -207.111
-197.777 -207.111
-237.017 -251.511
-226.545 -237.561
-203.111 -208
-204 -208
-204.89 -208.001
-205.778 -208
-216.925 -220.066
-110.858 -223.836
-215.518 -216.238
-228.112 -229.604
-212.171 -210.111
-228.709 -228.048
-212.889 -208.889
-213.778 -208.889
-247.153 -245.602
-221.989 -216.126
-217.333 -209.779
-218.221 -209.778
645.26 -369.725
129.333 -47.9999
131.111 -48
132 -47.1111
132.892 -47.1085
134.666 -46.2222
135.553 -46.2209
136.445 -45.3346
487.802 207.011
139.112 -44.4452
426.79 135.289
141.778 -43.5554
142.667 -42.6669
143.555 -42.6666
146.222 -40.8901
147.11 -40.8901
148.889 -40
150.666 -39.1112
151.556 -39.1112
152.445 -38.2221
153.333 -38.2223
154.222 -37.3333
155.111 -37.3334
155.999 -36.4445
157.777 -36.4445
158.667 -36.4443
159.555 -35.5558
-384.212 65.5696
161.332 -34.6667
162.222 -33.7765
163.111 -33.7784
163.997 -33.7775
363.035 -63.628
167.555 -32.0009
168.444 -31.1111
170.221 -31.1108
405.052 267.782
172.889 -29.3334
601.397 -301.003
175.557 -28.4461
177.333 -27.5556
179.998 -25.7779
180.889 -25.7776
182.662 -25.7794
183.555 -24.8878
185.332 -24.0026
187.112 -23.1111
-299.202 -56.9591
190.668 -22.2219
190.667 -20.4444
189.778 -20.4443
188.89 -20.4445
188 -20.4446
187.111 -20.4448
185.331 -20.4428
184.443 -20.4448
183.556 -20.4444
182.667 -21.3324
422.456 -328.548
-282.453 315.236
179.111 -21.3334
177.333 -21.3335
176.443 -21.3326
174.667 -21.3333
173.778 -21.3333
102.37 31.2688
171.999 -22.2223
170.221 -22.221
166.667 -22.2221
165.778 -22.2223
164.888 -23.1113
577.735 356.266
162.221 -23.1106
160.445 -23.1111
159.556 -23.1111
158.667 -23.1111
157.778 -23.1114
154.223 -24
153.333 -24
152.445 -24.0032
151.555 -24
149.778 -24
147.999 -24.0005
146.222 -23.9999
144.445 -24.0001
143.555 -23.9999
141.777 -24.0001
140.889 -24.8882
139.109 -24.8902
138.222 -25.778
-302.62 246.141
136.445 -27.5556
135.553 -28.444
134.667 -30.2221
133.773 -31.1136
133.778 -31.9999
-168.45 48.6732
133.779 -33.7784
132.889 -34.6676
132 -35.5555
132.001 -37.3331
130.221 -39.1113
130.222 -40.0001
130.221 -40.8903
130.222 -41.7777
129.333 -42.6667
129.334 -44.4444
287.134 -307.883
127.556 -46.2254
422.667 -106.065
126.666 -48.8893
128.445 -48.8887
127.555 -48
